1	11	2014 7B 292	0
12	24	2015 6B 21622	0
25	31	2016 5B 21111	0
32	43	2016 7B 10736	0
44	57	2016 7B 17896	0
58	80	2016 9B 6555	0
81	95	2017 1B 9590	0
1	1	2015 4B 11189	1
2	15	2015 5B 6733	1
16	21	2015 6B 6172	1
22	24	2015 7B 11783	1
25	28	2015 6B 6133	1
29	32	2016 5B 6385	1
33	34	2016 6B 17458	1
35	38	2016 6B 17591	1
39	45	2016 6B  20827	1
46	46	2018 4B   24344	1
1	4	2014 6B 7673	2
5	23	2015 4B 7081	2
1	9	2017 7B 4947	3
10	18	2017 7B 4950	3
19	27	2017 7B 4959	3
1	2	2016 6B 16691	4
3	3	2016 8B 4494	4
4	4	2016 9B 4533 	4
5	5	2016 10B 4335	4
6	6	2016 12B 9533	4
7	7	2017 1B 4764	4
8	8	2017 2B 2885	4
9	9	2017 3B 9716	4
10	10	2017 4B 6086	4
11	11	2017 7B 6915	4
12	12	2017 8B 8411	4
13	12	2017 9B 11217	4
14	14	2017 9B 22118	4
15	15	2017 11B 12095	4
16	16	2018 1B 9160	4
17	17	2018 2B 3540	4
18	18	2018 3B 8514	4
19	19	2018 3B 24433	4
20	20	2018 4B 13191	4
21	21	2018 5B 16715	4
22	22	2018 6B 17189	4
1	2	2016 6B 17467	5
3	7	2016 6B 20819	5
8	9	2016 11B 8073	5
10	11	2018 4B  9353	5
